PCIe ID: 0000:01:00.0
Control region size: 16777216
Device-level register blocks:
 type 0xffffffff (v 0.0.1.0)
 type 0x0000c007 (v 0.0.1.0)
 type 0x0000c000 (v 0.0.1.0)
 type 0x00000000 (v 0.0.0.0)
 type 0x0000c006 (v 0.0.1.0)
 type 0x0000c080 (v 0.0.2.0)
 type 0x0000c081 (v 0.0.1.0)
 type 0x0000c008 (v 0.0.1.0)
 type 0x0000c110 (v 0.0.1.0)
FPGA ID: 0x432ac0dd
FPGA part: 1SM21CH
FW ID: 0x00000000
FW version: 0.0.1.0
Board ID: 0x198a0521
Board version: 1.0.0.0
Build date: 2019-07-15 21:53:31 UTC (raw 0x5d2cf5db)
Git hash: dce357bf
Release info: 00000000
IF offset: 0x00000000
IF count: 2
IF stride: 0x00800000
IF CSR offset: 0x00040000
PHC ctrl: 0x00010000
PHC time (ToD): 1785206257.564693585 s
PHC time (rel): 853829612934 ns
PHC period:     6.206060606 ns (raw 0x6 ns 0x34c0634c fns)
PHC nom period: 6.206060606 ns (raw 0x6 ns 0x34c0634c fns)
PHC perout ch 0 ctrl:   0x00010000
PHC perout ch 0 start:  0.000000000 s
PHC perout ch 0 period: 0.000000000 s
PHC perout ch 0 width:  0.000000000 s
Ref clock nominal period: 6.206060606 ns (raw 1024/165 ns)
Ref clock nominal freq: 161.132812 MHz
Core clock nominal period: 4.000000000 ns (raw 4/1 ns)
Core clock nominal freq: 250.000000 MHz
Core clock freq: 124.768000 MHz
CH0: clock freq: 390.625280 MHz
CH1: clock freq: 332.181504 MHz
CH2: clock freq: 390.625280 MHz
CH3: clock freq: 336.592896 MHz
Interface-level register blocks:
 type 0x0000c001 (v 0.0.4.0)
 type 0x0000c010 (v 0.0.4.0)
 type 0x0000c020 (v 0.0.4.0)
 type 0x0000c030 (v 0.0.4.0)
 type 0x0000c031 (v 0.0.4.0)
 type 0x0000c090 (v 0.0.2.0)
 type 0x0000c002 (v 0.0.2.0)
 type 0x0000c004 (v 0.0.3.0)
IF features: 0x00001f11
Port count: 1
Scheduler block count: 1
Max TX MTU: 9214 B
Max RX MTU: 9214 B
TX MTU: 1514 B
RX MTU: 1514 B
TX FIFO depth: 32768 B
RX FIFO depth: 32768 B
EQ offset: 0x000c0000
EQ count: 32
EQ stride: 0x00000010
CQ offset: 0x00100000
CQ count: 2048
CQ stride: 0x00000010
TXQ offset: 0x00200000
TXQ count: 1024
TXQ stride: 0x00000020
RXQ offset: 0x00300000
RXQ count: 256
RXQ stride: 0x00000020
Port 0 RX queue map RSS mask: 0x000000ff
Port 0 RX queue map app mask: 0x00000000
Port 0 RX indirection table size: 256
Port 0 RX indirection table:
0000: 0000 0001 0002 0003 0004 0005 0006 0007
0008: 0008 0009 000a 000b 000c 000d 000e 000f
0010: 0000 0001 0002 0003 0004 0005 0006 0007
0018: 0008 0009 000a 000b 000c 000d 000e 000f
0020: 0000 0001 0002 0003 0004 0005 0006 0007
0028: 0008 0009 000a 000b 000c 000d 000e 000f
0030: 0000 0001 0002 0003 0004 0005 0006 0007
0038: 0008 0009 000a 000b 000c 000d 000e 000f
0040: 0000 0001 0002 0003 0004 0005 0006 0007
0048: 0008 0009 000a 000b 000c 000d 000e 000f
0050: 0000 0001 0002 0003 0004 0005 0006 0007
0058: 0008 0009 000a 000b 000c 000d 000e 000f
0060: 0000 0001 0002 0003 0004 0005 0006 0007
0068: 0008 0009 000a 000b 000c 000d 000e 000f
0070: 0000 0001 0002 0003 0004 0005 0006 0007
0078: 0008 0009 000a 000b 000c 000d 000e 000f
0080: 0000 0001 0002 0003 0004 0005 0006 0007
0088: 0008 0009 000a 000b 000c 000d 000e 000f
0090: 0000 0001 0002 0003 0004 0005 0006 0007
0098: 0008 0009 000a 000b 000c 000d 000e 000f
00a0: 0000 0001 0002 0003 0004 0005 0006 0007
00a8: 0008 0009 000a 000b 000c 000d 000e 000f
00b0: 0000 0001 0002 0003 0004 0005 0006 0007
00b8: 0008 0009 000a 000b 000c 000d 000e 000f
00c0: 0000 0001 0002 0003 0004 0005 0006 0007
00c8: 0008 0009 000a 000b 000c 000d 000e 000f
00d0: 0000 0001 0002 0003 0004 0005 0006 0007
00d8: 0008 0009 000a 000b 000c 000d 000e 000f
00e0: 0000 0001 0002 0003 0004 0005 0006 0007
00e8: 0008 0009 000a 000b 000c 000d 000e 000f
00f0: 0000 0001 0002 0003 0004 0005 0006 0007
00f8: 0008 0009 000a 000b 000c 000d 000e 000f
Port-level register blocks:
 type 0x0000c003 (v 0.0.3.0)
Port features: 0x00000003
Port TX ctrl: 0x00010001
Port RX ctrl: 0x00020001
Port FC ctrl: 0x00000000
Port LFC ctrl: 0x000047fc
Port PFC ctrl 0: 0x00000000
Port PFC ctrl 1: 0x00000000
Port PFC ctrl 2: 0x00000000
Port PFC ctrl 3: 0x00000000
Port PFC ctrl 4: 0x00000000
Port PFC ctrl 5: 0x00000000
Port PFC ctrl 6: 0x00000000
Port PFC ctrl 7: 0x00000000
Scheduler block-level register blocks:
 type 0x0000c040 (v 0.0.1.0)
Sched count: 1
Round-robin scheduler
Sched channel count: 1024
Sched channel stride: 4
Sched control: 1
Sched dest: 0
EQ info
 Queue      Base Address     En A  LS  A   IRQ    Prod    Cons     Len
EQ    0  0x00000000ffff8000  1  0  10  1     0       0       0       0
EQ    1  0x00000000ffff0000  1  0  10  1     1       0       0       0
EQ    2  0x00000000fffe8000  1  0  10  1     2       0       0       0
EQ    3  0x00000000fffe0000  1  0  10  1     3       0       0       0
EQ    4  0x00000000fffd8000  1  0  10  1     4       0       0       0
EQ    5  0x00000000fffd0000  1  0  10  1     5       0       0       0
EQ    6  0x00000000fffc8000  1  0  10  1     6       0       0       0
EQ    7  0x00000000fffc0000  1  0  10  1     7       0       0       0
EQ    8  0x00000000fffb8000  1  0  10  1     8       0       0       0
EQ    9  0x00000000fffb0000  1  0  10  1     9       0       0       0
EQ   10  0x00000000fffa8000  1  0  10  1    10       0       0       0
EQ   11  0x00000000fffa0000  1  0  10  1    11       0       0       0
EQ   12  0x00000000fff98000  1  0  10  1    12       0       0       0
EQ   13  0x00000000fff90000  1  0  10  1    13       0       0       0
EQ   14  0x00000000fff88000  1  0  10  1    14       0       0       0
EQ   15  0x00000000fff80000  1  0  10  1    15       0       0       0
EQ   16  0x00000000fff78000  1  0  10  1    16       0       0       0
EQ   17  0x00000000fff70000  1  0  10  1    17       0       0       0
EQ   18  0x00000000fff68000  1  0  10  1    18       0       0       0
EQ   19  0x00000000fff60000  1  0  10  1    19       0       0       0
EQ   20  0x00000000fff58000  1  0  10  1    20       0       0       0
EQ   21  0x00000000fff50000  1  0  10  1    21       0       0       0
EQ   22  0x00000000fff48000  1  0  10  1    22       0       0       0
EQ   23  0x00000000fff40000  1  0  10  1    23       0       0       0
EQ   24  0x00000000fff38000  1  0  10  1    24       0       0       0
EQ   25  0x00000000fff30000  1  0  10  1    25       0       0       0
EQ   26  0x00000000fff28000  1  0  10  1    26       0       0       0
EQ   27  0x00000000fff20000  1  0  10  1    27       0       0       0
EQ   28  0x00000000fff18000  1  0  10  1    28       0       0       0
EQ   29  0x00000000fff10000  1  0  10  1    29       0       0       0
EQ   30  0x00000000fff08000  1  0  10  1    30       0       0       0
EQ   31  0x00000000fff00000  1  0  10  1    31       0       0       0
CQ info
 Queue      Base Address     En A  LS  A   EQN    Prod    Cons     Len
CQ    0  0x00000000ffdf8000  1  0  10  1     0       0       0       0
CQ    1  0x00000000ff9e8000  1  0  10  1     1       0       0       0
CQ    2  0x00000000ff5d8000  1  0  10  1     2       0       0       0
CQ    3  0x00000000ff1c8000  1  0  10  1     3       0       0       0
CQ    4  0x00000000fecb8000  1  0  10  1     4       0       0       0
CQ    5  0x00000000fe8a8000  1  0  10  1     5       0       0       0
CQ    6  0x00000000fe498000  1  0  10  1     6       0       0       0
CQ    7  0x00000000fe088000  1  0  10  1     7       0       0       0
CQ    8  0x00000000fdc78000  1  0  10  1     8       0       0       0
CQ    9  0x00000000fd868000  1  0  10  1     9       0       0       0
CQ   10  0x00000000fd458000  1  0  10  1    10       0       0       0
CQ   11  0x00000000fd048000  1  0  10  1    11       0       0       0
CQ   12  0x00000000fcc38000  1  0  10  1    12       0       0       0
CQ   13  0x00000000fc828000  1  0  10  1    13       0       0       0
CQ   14  0x00000000fc418000  1  0  10  1    14       0       0       0
CQ   15  0x00000000fc008000  1  0  10  1    15       0       0       0
CQ   16  0x00000000fbbf8000  1  0  10  1     0       0       0       0
CQ   17  0x00000000fbbd8000  1  0  10  1     1       0       0       0
CQ   18  0x00000000fbbb8000  1  0  10  1     2       0       0       0
CQ   19  0x00000000fbb98000  1  0  10  1     3       0       0       0
CQ   20  0x00000000fbb78000  1  0  10  1     4       0       0       0
CQ   21  0x00000000fbb58000  1  0  10  1     5       0       0       0
CQ   22  0x00000000fbb38000  1  0  10  1     6       0       0       0
CQ   23  0x00000000fbb18000  1  0  10  1     7       0       0       0
CQ   24  0x00000000fbaf8000  1  0  10  1     8       0       0       0
CQ   25  0x00000000fbad8000  1  0  10  1     9       0       0       0
CQ   26  0x00000000fbab8000  1  0  10  1    10       0       0       0
CQ   27  0x00000000fba98000  1  0  10  1    11       0       0       0
CQ   28  0x00000000fba78000  1  0  10  1    12       0       0       0
CQ   29  0x00000000fba58000  1  0  10  1    13       0       0       0
CQ   30  0x00000000fba38000  1  0  10  1    14       0       0       0
CQ   31  0x00000000fba18000  1  0  10  1    15       0       0       0
CQ   32  0x00000000fb9f8000  1  0  10  1    16       0       0       0
CQ   33  0x00000000fb9d8000  1  0  10  1    17       0       0       0
CQ   34  0x00000000fb9b8000  1  0  10  1    18       0       0       0
CQ   35  0x00000000fb998000  1  0  10  1    19       0       0       0
CQ   36  0x00000000fb978000  1  0  10  1    20       0       0       0
CQ   37  0x00000000fb958000  1  0  10  1    21       0       0       0
CQ   38  0x00000000fb938000  1  0  10  1    22       0       0       0
CQ   39  0x00000000fb918000  1  0  10  1    23       0       0       0
CQ   40  0x00000000fb8f8000  1  0  10  1    24       0       0       0
CQ   41  0x00000000fb8d8000  1  0  10  1    25       0       0       0
CQ   42  0x00000000fb8b8000  1  0  10  1    26       0       0       0
CQ   43  0x00000000fb898000  1  0  10  1    27       0       0       0
CQ   44  0x00000000fb878000  1  0  10  1    28       0       0       0
CQ   45  0x00000000fb858000  1  0  10  1    29       0       0       0
CQ   46  0x00000000fb838000  1  0  10  1    30       0       0       0
CQ   47  0x00000000fb818000  1  0  10  1    31       0       0       0
CQ   48  0x00000000fb7f8000  1  0  10  1     0       0       0       0
CQ   49  0x00000000fb7d8000  1  0  10  1     1       0       0       0
CQ   50  0x00000000fb7b8000  1  0  10  1     2       0       0       0
CQ   51  0x00000000fb798000  1  0  10  1     3       0       0       0
CQ   52  0x00000000fb778000  1  0  10  1     4       0       0       0
CQ   53  0x00000000fb758000  1  0  10  1     5       0       0       0
CQ   54  0x00000000fb738000  1  0  10  1     6       0       0       0
CQ   55  0x00000000fb718000  1  0  10  1     7       0       0       0
CQ   56  0x00000000fb6f8000  1  0  10  1     8       0       0       0
CQ   57  0x00000000fb6d8000  1  0  10  1     9       0       0       0
CQ   58  0x00000000fb6b8000  1  0  10  1    10       0       0       0
CQ   59  0x00000000fb698000  1  0  10  1    11       0       0       0
CQ   60  0x00000000fb678000  1  0  10  1    12       0       0       0
CQ   61  0x00000000fb658000  1  0  10  1    13       0       0       0
CQ   62  0x00000000fb638000  1  0  10  1    14       0       0       0
CQ   63  0x00000000fb618000  1  0  10  1    15       0       0       0
CQ   64  0x00000000fb5f8000  1  0  10  1    16       0       0       0
CQ   65  0x00000000fb5d8000  1  0  10  1    17       0       0       0
CQ   66  0x00000000fb5b8000  1  0  10  1    18       0       0       0
CQ   67  0x00000000fb598000  1  0  10  1    19       0       0       0
CQ   68  0x00000000fb578000  1  0  10  1    20       0       0       0
CQ   69  0x00000000fb558000  1  0  10  1    21       0       0       0
CQ   70  0x00000000fb538000  1  0  10  1    22       0       0       0
CQ   71  0x00000000fb518000  1  0  10  1    23       0       0       0
CQ   72  0x00000000fb4f8000  1  0  10  1    24       0       0       0
CQ   73  0x00000000fb4d8000  1  0  10  1    25       0       0       0
CQ   74  0x00000000fb4b8000  1  0  10  1    26       0       0       0
CQ   75  0x00000000fb498000  1  0  10  1    27       0       0       0
CQ   76  0x00000000fb478000  1  0  10  1    28       0       0       0
CQ   77  0x00000000fb458000  1  0  10  1    29       0       0       0
CQ   78  0x00000000fb438000  1  0  10  1    30       0       0       0
CQ   79  0x00000000fb418000  1  0  10  1    31       0       0       0
CQ   80  0x00000000fb3f8000  1  0  10  1     0       0       0       0
CQ   81  0x00000000fb3d8000  1  0  10  1     1       0       0       0
CQ   82  0x00000000fb3b8000  1  0  10  1     2       0       0       0
CQ   83  0x00000000fb398000  1  0  10  1     3       0       0       0
CQ   84  0x00000000fb378000  1  0  10  1     4       0       0       0
CQ   85  0x00000000fb358000  1  0  10  1     5       0       0       0
CQ   86  0x00000000fb338000  1  0  10  1     6       0       0       0
CQ   87  0x00000000fb318000  1  0  10  1     7       0       0       0
CQ   88  0x00000000fb2f8000  1  0  10  1     8       0       0       0
CQ   89  0x00000000fb2d8000  1  0  10  1     9       0       0       0
CQ   90  0x00000000fb2b8000  1  0  10  1    10       0       0       0
CQ   91  0x00000000fb298000  1  0  10  1    11       0       0       0
CQ   92  0x00000000fb278000  1  0  10  1    12       0       0       0
CQ   93  0x00000000fb258000  1  0  10  1    13       0       0       0
CQ   94  0x00000000fb238000  1  0  10  1    14       0       0       0
CQ   95  0x00000000fb218000  1  0  10  1    15       0       0       0
CQ   96  0x00000000fb1f8000  1  0  10  1    16       0       0       0
CQ   97  0x00000000fb1d8000  1  0  10  1    17       0       0       0
CQ   98  0x00000000fb1b8000  1  0  10  1    18       0       0       0
CQ   99  0x00000000fb198000  1  0  10  1    19       0       0       0
CQ  100  0x00000000fb178000  1  0  10  1    20       0       0       0
CQ  101  0x00000000fb158000  1  0  10  1    21       0       0       0
CQ  102  0x00000000fb138000  1  0  10  1    22       0       0       0
CQ  103  0x00000000fb118000  1  0  10  1    23       0       0       0
CQ  104  0x00000000fb0f8000  1  0  10  1    24       0       0       0
CQ  105  0x00000000fb0d8000  1  0  10  1    25       0       0       0
CQ  106  0x00000000fb0b8000  1  0  10  1    26       0       0       0
CQ  107  0x00000000fb098000  1  0  10  1    27       0       0       0
CQ  108  0x00000000fb078000  1  0  10  1    28       0       0       0
CQ  109  0x00000000fb058000  1  0  10  1    29       0       0       0
CQ  110  0x00000000fb038000  1  0  10  1    30       0       0       0
CQ  111  0x00000000fb018000  1  0  10  1    31       0       0       0
CQ  112  0x00000000faff8000  1  0  10  1     0       0       0       0
CQ  113  0x00000000fafd8000  1  0  10  1     1       0       0       0
CQ  114  0x00000000fafb8000  1  0  10  1     2       0       0       0
CQ  115  0x00000000faf98000  1  0  10  1     3       0       0       0
CQ  116  0x00000000faf78000  1  0  10  1     4       0       0       0
CQ  117  0x00000000faf58000  1  0  10  1     5       0       0       0
CQ  118  0x00000000faf38000  1  0  10  1     6       0       0       0
CQ  119  0x00000000faf18000  1  0  10  1     7       0       0       0
CQ  120  0x00000000faef8000  1  0  10  1     8       0       0       0
CQ  121  0x00000000faed8000  1  0  10  1     9       0       0       0
CQ  122  0x00000000faeb8000  1  0  10  1    10       0       0       0
CQ  123  0x00000000fae98000  1  0  10  1    11       0       0       0
CQ  124  0x00000000fae78000  1  0  10  1    12       0       0       0
CQ  125  0x00000000fae58000  1  0  10  1    13       0       0       0
CQ  126  0x00000000fae38000  1  0  10  1    14       0       0       0
CQ  127  0x00000000fae18000  1  0  10  1    15       0       0       0
CQ  128  0x00000000fadf8000  1  0  10  1    16       0       0       0
CQ  129  0x00000000fadd8000  1  0  10  1    17       0       0       0
CQ  130  0x00000000fadb8000  1  0  10  1    18       0       0       0
CQ  131  0x00000000fad98000  1  0  10  1    19       0       0       0
CQ  132  0x00000000fad78000  1  0  10  1    20       0       0       0
CQ  133  0x00000000fad58000  1  0  10  1    21       0       0       0
CQ  134  0x00000000fad38000  1  0  10  1    22       0       0       0
CQ  135  0x00000000fad18000  1  0  10  1    23       0       0       0
CQ  136  0x00000000facf8000  1  0  10  1    24       0       0       0
CQ  137  0x00000000facd8000  1  0  10  1    25       0       0       0
CQ  138  0x00000000facb8000  1  0  10  1    26       0       0       0
CQ  139  0x00000000fac98000  1  0  10  1    27       0       0       0
CQ  140  0x00000000fac78000  1  0  10  1    28       0       0       0
CQ  141  0x00000000fac58000  1  0  10  1    29       0       0       0
CQ  142  0x00000000fac38000  1  0  10  1    30       0       0       0
CQ  143  0x00000000fac18000  1  0  10  1    31       0       0       0
CQ  144  0x00000000fabf8000  1  0  10  1     0       0       0       0
CQ  145  0x00000000fabd8000  1  0  10  1     1       0       0       0
CQ  146  0x00000000fabb8000  1  0  10  1     2       0       0       0
CQ  147  0x00000000fab98000  1  0  10  1     3       0       0       0
CQ  148  0x00000000fab78000  1  0  10  1     4       0       0       0
CQ  149  0x00000000fab58000  1  0  10  1     5       0       0       0
CQ  150  0x00000000fab38000  1  0  10  1     6       0       0       0
CQ  151  0x00000000fab18000  1  0  10  1     7       0       0       0
CQ  152  0x00000000faaf8000  1  0  10  1     8       0       0       0
CQ  153  0x00000000faad8000  1  0  10  1     9       0       0       0
CQ  154  0x00000000faab8000  1  0  10  1    10       0       0       0
CQ  155  0x00000000faa98000  1  0  10  1    11       0       0       0
CQ  156  0x00000000faa78000  1  0  10  1    12       0       0       0
CQ  157  0x00000000faa58000  1  0  10  1    13       0       0       0
CQ  158  0x00000000faa38000  1  0  10  1    14       0       0       0
CQ  159  0x00000000faa18000  1  0  10  1    15       0       0       0
CQ  160  0x00000000fa9f8000  1  0  10  1    16       0       0       0
CQ  161  0x00000000fa9d8000  1  0  10  1    17       0       0       0
CQ  162  0x00000000fa9b8000  1  0  10  1    18       0       0       0
CQ  163  0x00000000fa998000  1  0  10  1    19       0       0       0
CQ  164  0x00000000fa978000  1  0  10  1    20       0       0       0
CQ  165  0x00000000fa958000  1  0  10  1    21       0       0       0
CQ  166  0x00000000fa938000  1  0  10  1    22       0       0       0
CQ  167  0x00000000fa918000  1  0  10  1    23       0       0       0
CQ  168  0x00000000fa8f8000  1  0  10  1    24       0       0       0
CQ  169  0x00000000fa8d8000  1  0  10  1    25       0       0       0
CQ  170  0x00000000fa8b8000  1  0  10  1    26       0       0       0
CQ  171  0x00000000fa898000  1  0  10  1    27       0       0       0
CQ  172  0x00000000fa878000  1  0  10  1    28       0       0       0
CQ  173  0x00000000fa858000  1  0  10  1    29       0       0       0
CQ  174  0x00000000fa838000  1  0  10  1    30       0       0       0
CQ  175  0x00000000fa818000  1  0  10  1    31       0       0       0
CQ  176  0x00000000fa7f8000  1  0  10  1     0       0       0       0
CQ  177  0x00000000fa7d8000  1  0  10  1     1       0       0       0
CQ  178  0x00000000fa7b8000  1  0  10  1     2       0       0       0
CQ  179  0x00000000fa798000  1  0  10  1     3       0       0       0
CQ  180  0x00000000fa778000  1  0  10  1     4       0       0       0
CQ  181  0x00000000fa758000  1  0  10  1     5       0       0       0
CQ  182  0x00000000fa738000  1  0  10  1     6       0       0       0
CQ  183  0x00000000fa718000  1  0  10  1     7       0       0       0
CQ  184  0x00000000fa6f8000  1  0  10  1     8       0       0       0
CQ  185  0x00000000fa6d8000  1  0  10  1     9       0       0       0
CQ  186  0x00000000fa6b8000  1  0  10  1    10       0       0       0
CQ  187  0x00000000fa698000  1  0  10  1    11       0       0       0
CQ  188  0x00000000fa678000  1  0  10  1    12       0       0       0
CQ  189  0x00000000fa658000  1  0  10  1    13       0       0       0
CQ  190  0x00000000fa638000  1  0  10  1    14       0       0       0
CQ  191  0x00000000fa618000  1  0  10  1    15       0       0       0
CQ  192  0x00000000fa5f8000  1  0  10  1    16       0       0       0
CQ  193  0x00000000fa5d8000  1  0  10  1    17       0       0       0
CQ  194  0x00000000fa5b8000  1  0  10  1    18       0       0       0
CQ  195  0x00000000fa598000  1  0  10  1    19       0       0       0
CQ  196  0x00000000fa578000  1  0  10  1    20       0       0       0
CQ  197  0x00000000fa558000  1  0  10  1    21       0       0       0
CQ  198  0x00000000fa538000  1  0  10  1    22       0       0       0
CQ  199  0x00000000fa518000  1  0  10  1    23       0       0       0
CQ  200  0x00000000fa4f8000  1  0  10  1    24       0       0       0
CQ  201  0x00000000fa4d8000  1  0  10  1    25       0       0       0
CQ  202  0x00000000fa4b8000  1  0  10  1    26       0       0       0
CQ  203  0x00000000fa498000  1  0  10  1    27       0       0       0
CQ  204  0x00000000fa478000  1  0  10  1    28       0       0       0
CQ  205  0x00000000fa458000  1  0  10  1    29       0       0       0
CQ  206  0x00000000fa438000  1  0  10  1    30       0       0       0
CQ  207  0x00000000fa418000  1  0  10  1    31       0       0       0
CQ  208  0x00000000fa3f8000  1  0  10  1     0       0       0       0
CQ  209  0x00000000fa3d8000  1  0  10  1     1       0       0       0
CQ  210  0x00000000fa3b8000  1  0  10  1     2       0       0       0
CQ  211  0x00000000fa398000  1  0  10  1     3       0       0       0
CQ  212  0x00000000fa378000  1  0  10  1     4       0       0       0
CQ  213  0x00000000fa358000  1  0  10  1     5       0       0       0
CQ  214  0x00000000fa338000  1  0  10  1     6       0       0       0
CQ  215  0x00000000fa318000  1  0  10  1     7       0       0       0
CQ  216  0x00000000fa2f8000  1  0  10  1     8       0       0       0
CQ  217  0x00000000fa2d8000  1  0  10  1     9       0       0       0
CQ  218  0x00000000fa2b8000  1  0  10  1    10       0       0       0
CQ  219  0x00000000fa298000  1  0  10  1    11       0       0       0
CQ  220  0x00000000fa278000  1  0  10  1    12       0       0       0
CQ  221  0x00000000fa258000  1  0  10  1    13       0       0       0
CQ  222  0x00000000fa238000  1  0  10  1    14       0       0       0
CQ  223  0x00000000fa218000  1  0  10  1    15       0       0       0
CQ  224  0x00000000fa1f8000  1  0  10  1    16       0       0       0
CQ  225  0x00000000fa1d8000  1  0  10  1    17       0       0       0
CQ  226  0x00000000fa1b8000  1  0  10  1    18       0       0       0
CQ  227  0x00000000fa198000  1  0  10  1    19       0       0       0
CQ  228  0x00000000fa178000  1  0  10  1    20       0       0       0
CQ  229  0x00000000fa158000  1  0  10  1    21       0       0       0
CQ  230  0x00000000fa138000  1  0  10  1    22       0       0       0
CQ  231  0x00000000fa118000  1  0  10  1    23       0       0       0
CQ  232  0x00000000fa0f8000  1  0  10  1    24       0       0       0
CQ  233  0x00000000fa0d8000  1  0  10  1    25       0       0       0
CQ  234  0x00000000fa0b8000  1  0  10  1    26       0       0       0
CQ  235  0x00000000fa098000  1  0  10  1    27       0       0       0
CQ  236  0x00000000fa078000  1  0  10  1    28       0       0       0
CQ  237  0x00000000fa058000  1  0  10  1    29       0       0       0
CQ  238  0x00000000fa038000  1  0  10  1    30       0       0       0
CQ  239  0x00000000fa018000  1  0  10  1    31       0       0       0
CQ  240  0x00000000f9ff8000  1  0  10  1     0       0       0       0
CQ  241  0x00000000f9fd8000  1  0  10  1     1       0       0       0
CQ  242  0x00000000f9fb8000  1  0  10  1     2       0       0       0
CQ  243  0x00000000f9f98000  1  0  10  1     3       0       0       0
CQ  244  0x00000000f9f78000  1  0  10  1     4       0       0       0
CQ  245  0x00000000f9f58000  1  0  10  1     5       0       0       0
CQ  246  0x00000000f9f38000  1  0  10  1     6       0       0       0
CQ  247  0x00000000f9f18000  1  0  10  1     7       0       0       0
CQ  248  0x00000000f9ef8000  1  0  10  1     8       0       0       0
CQ  249  0x00000000f9ed8000  1  0  10  1     9       0       0       0
CQ  250  0x00000000f9eb8000  1  0  10  1    10       0       0       0
CQ  251  0x00000000f9e98000  1  0  10  1    11       0       0       0
CQ  252  0x00000000f9e78000  1  0  10  1    12       0       0       0
CQ  253  0x00000000f9e58000  1  0  10  1    13       0       0       0
CQ  254  0x00000000f9e38000  1  0  10  1    14       0       0       0
CQ  255  0x00000000f9e18000  1  0  10  1    15       0       0       0
CQ  256  0x00000000f9df8000  1  0  10  1    16       0       0       0
CQ  257  0x00000000f9dd8000  1  0  10  1    17       0       0       0
CQ  258  0x00000000f9db8000  1  0  10  1    18       0       0       0
CQ  259  0x00000000f9d98000  1  0  10  1    19       0       0       0
CQ  260  0x00000000f9d78000  1  0  10  1    20       0       0       0
CQ  261  0x00000000f9d58000  1  0  10  1    21       0       0       0
CQ  262  0x00000000f9d38000  1  0  10  1    22       0       0       0
CQ  263  0x00000000f9d18000  1  0  10  1    23       0       0       0
CQ  264  0x00000000f9cf8000  1  0  10  1    24       0       0       0
CQ  265  0x00000000f9cd8000  1  0  10  1    25       0       0       0
CQ  266  0x00000000f9cb8000  1  0  10  1    26       0       0       0
CQ  267  0x00000000f9c98000  1  0  10  1    27       0       0       0
CQ  268  0x00000000f9c78000  1  0  10  1    28       0       0       0
CQ  269  0x00000000f9c58000  1  0  10  1    29       0       0       0
CQ  270  0x00000000f9c38000  1  0  10  1    30       0       0       0
CQ  271  0x00000000f9c18000  1  0  10  1    31       0       0       0
TXQ info
  Queue      Base Address     En A  B  LS   CQN    Prod    Cons     Len
TXQ    0  0x00000000fbbe0000  1  0  2  10    16       0       0       0
TXQ    1  0x00000000fbbc0000  1  0  2  10    17       0       0       0
TXQ    2  0x00000000fbba0000  1  0  2  10    18       0       0       0
TXQ    3  0x00000000fbb80000  1  0  2  10    19       0       0       0
TXQ    4  0x00000000fbb60000  1  0  2  10    20       0       0       0
TXQ    5  0x00000000fbb40000  1  0  2  10    21       0       0       0
TXQ    6  0x00000000fbb20000  1  0  2  10    22       0       0       0
TXQ    7  0x00000000fbb00000  1  0  2  10    23       0       0       0
TXQ    8  0x00000000fbae0000  1  0  2  10    24       0       0       0
TXQ    9  0x00000000fbac0000  1  0  2  10    25       0       0       0
TXQ   10  0x00000000fbaa0000  1  0  2  10    26       0       0       0
TXQ   11  0x00000000fba80000  1  0  2  10    27       0       0       0
TXQ   12  0x00000000fba60000  1  0  2  10    28       0       0       0
TXQ   13  0x00000000fba40000  1  0  2  10    29       0       0       0
TXQ   14  0x00000000fba20000  1  0  2  10    30       0       0       0
TXQ   15  0x00000000fba00000  1  0  2  10    31       0       0       0
TXQ   16  0x00000000fb9e0000  1  0  2  10    32       0       0       0
TXQ   17  0x00000000fb9c0000  1  0  2  10    33       0       0       0
TXQ   18  0x00000000fb9a0000  1  0  2  10    34       0       0       0
TXQ   19  0x00000000fb980000  1  0  2  10    35       0       0       0
TXQ   20  0x00000000fb960000  1  0  2  10    36       0       0       0
TXQ   21  0x00000000fb940000  1  0  2  10    37       0       0       0
TXQ   22  0x00000000fb920000  1  0  2  10    38       0       0       0
TXQ   23  0x00000000fb900000  1  0  2  10    39       0       0       0
TXQ   24  0x00000000fb8e0000  1  0  2  10    40       0       0       0
TXQ   25  0x00000000fb8c0000  1  0  2  10    41       0       0       0
TXQ   26  0x00000000fb8a0000  1  0  2  10    42       0       0       0
TXQ   27  0x00000000fb880000  1  0  2  10    43       0       0       0
TXQ   28  0x00000000fb860000  1  0  2  10    44       0       0       0
TXQ   29  0x00000000fb840000  1  0  2  10    45       0       0       0
TXQ   30  0x00000000fb820000  1  0  2  10    46       0       0       0
TXQ   31  0x00000000fb800000  1  0  2  10    47       0       0       0
TXQ   32  0x00000000fb7e0000  1  0  2  10    48       0       0       0
TXQ   33  0x00000000fb7c0000  1  0  2  10    49       0       0       0
TXQ   34  0x00000000fb7a0000  1  0  2  10    50       0       0       0
TXQ   35  0x00000000fb780000  1  0  2  10    51       0       0       0
TXQ   36  0x00000000fb760000  1  0  2  10    52       0       0       0
TXQ   37  0x00000000fb740000  1  0  2  10    53       0       0       0
TXQ   38  0x00000000fb720000  1  0  2  10    54       0       0       0
TXQ   39  0x00000000fb700000  1  0  2  10    55       0       0       0
TXQ   40  0x00000000fb6e0000  1  0  2  10    56       0       0       0
TXQ   41  0x00000000fb6c0000  1  0  2  10    57       0       0       0
TXQ   42  0x00000000fb6a0000  1  0  2  10    58       0       0       0
TXQ   43  0x00000000fb680000  1  0  2  10    59       0       0       0
TXQ   44  0x00000000fb660000  1  0  2  10    60       0       0       0
TXQ   45  0x00000000fb640000  1  0  2  10    61       0       0       0
TXQ   46  0x00000000fb620000  1  0  2  10    62       0       0       0
TXQ   47  0x00000000fb600000  1  0  2  10    63       0       0       0
TXQ   48  0x00000000fb5e0000  1  0  2  10    64       0       0       0
TXQ   49  0x00000000fb5c0000  1  0  2  10    65       0       0       0
TXQ   50  0x00000000fb5a0000  1  0  2  10    66       0       0       0
TXQ   51  0x00000000fb580000  1  0  2  10    67       0       0       0
TXQ   52  0x00000000fb560000  1  0  2  10    68       0       0       0
TXQ   53  0x00000000fb540000  1  0  2  10    69       0       0       0
TXQ   54  0x00000000fb520000  1  0  2  10    70       0       0       0
TXQ   55  0x00000000fb500000  1  0  2  10    71       0       0       0
TXQ   56  0x00000000fb4e0000  1  0  2  10    72       0       0       0
TXQ   57  0x00000000fb4c0000  1  0  2  10    73       0       0       0
TXQ   58  0x00000000fb4a0000  1  0  2  10    74       0       0       0
TXQ   59  0x00000000fb480000  1  0  2  10    75       0       0       0
TXQ   60  0x00000000fb460000  1  0  2  10    76       0       0       0
TXQ   61  0x00000000fb440000  1  0  2  10    77       0       0       0
TXQ   62  0x00000000fb420000  1  0  2  10    78       0       0       0
TXQ   63  0x00000000fb400000  1  0  2  10    79       0       0       0
TXQ   64  0x00000000fb3e0000  1  0  2  10    80       0       0       0
TXQ   65  0x00000000fb3c0000  1  0  2  10    81       0       0       0
TXQ   66  0x00000000fb3a0000  1  0  2  10    82       0       0       0
TXQ   67  0x00000000fb380000  1  0  2  10    83       0       0       0
TXQ   68  0x00000000fb360000  1  0  2  10    84       0       0       0
TXQ   69  0x00000000fb340000  1  0  2  10    85       0       0       0
TXQ   70  0x00000000fb320000  1  0  2  10    86       0       0       0
TXQ   71  0x00000000fb300000  1  0  2  10    87       0       0       0
TXQ   72  0x00000000fb2e0000  1  0  2  10    88       0       0       0
TXQ   73  0x00000000fb2c0000  1  0  2  10    89       0       0       0
TXQ   74  0x00000000fb2a0000  1  0  2  10    90       0       0       0
TXQ   75  0x00000000fb280000  1  0  2  10    91       0       0       0
TXQ   76  0x00000000fb260000  1  0  2  10    92       0       0       0
TXQ   77  0x00000000fb240000  1  0  2  10    93       0       0       0
TXQ   78  0x00000000fb220000  1  0  2  10    94       0       0       0
TXQ   79  0x00000000fb200000  1  0  2  10    95       0       0       0
TXQ   80  0x00000000fb1e0000  1  0  2  10    96       0       0       0
TXQ   81  0x00000000fb1c0000  1  0  2  10    97       0       0       0
TXQ   82  0x00000000fb1a0000  1  0  2  10    98       0       0       0
TXQ   83  0x00000000fb180000  1  0  2  10    99       0       0       0
TXQ   84  0x00000000fb160000  1  0  2  10   100       0       0       0
TXQ   85  0x00000000fb140000  1  0  2  10   101       0       0       0
TXQ   86  0x00000000fb120000  1  0  2  10   102       0       0       0
TXQ   87  0x00000000fb100000  1  0  2  10   103       0       0       0
TXQ   88  0x00000000fb0e0000  1  0  2  10   104       0       0       0
TXQ   89  0x00000000fb0c0000  1  0  2  10   105       0       0       0
TXQ   90  0x00000000fb0a0000  1  0  2  10   106       0       0       0
TXQ   91  0x00000000fb080000  1  0  2  10   107       0       0       0
TXQ   92  0x00000000fb060000  1  0  2  10   108       0       0       0
TXQ   93  0x00000000fb040000  1  0  2  10   109       0       0       0
TXQ   94  0x00000000fb020000  1  0  2  10   110       0       0       0
TXQ   95  0x00000000fb000000  1  0  2  10   111       0       0       0
TXQ   96  0x00000000fafe0000  1  0  2  10   112       0       0       0
TXQ   97  0x00000000fafc0000  1  0  2  10   113       0       0       0
TXQ   98  0x00000000fafa0000  1  0  2  10   114       0       0       0
TXQ   99  0x00000000faf80000  1  0  2  10   115       0       0       0
TXQ  100  0x00000000faf60000  1  0  2  10   116       0       0       0
TXQ  101  0x00000000faf40000  1  0  2  10   117       0       0       0
TXQ  102  0x00000000faf20000  1  0  2  10   118       0       0       0
TXQ  103  0x00000000faf00000  1  0  2  10   119       0       0       0
TXQ  104  0x00000000faee0000  1  0  2  10   120       0       0       0
TXQ  105  0x00000000faec0000  1  0  2  10   121       0       0       0
TXQ  106  0x00000000faea0000  1  0  2  10   122       0       0       0
TXQ  107  0x00000000fae80000  1  0  2  10   123       0       0       0
TXQ  108  0x00000000fae60000  1  0  2  10   124       0       0       0
TXQ  109  0x00000000fae40000  1  0  2  10   125       0       0       0
TXQ  110  0x00000000fae20000  1  0  2  10   126       0       0       0
TXQ  111  0x00000000fae00000  1  0  2  10   127       0       0       0
TXQ  112  0x00000000fade0000  1  0  2  10   128       0       0       0
TXQ  113  0x00000000fadc0000  1  0  2  10   129       0       0       0
TXQ  114  0x00000000fada0000  1  0  2  10   130       0       0       0
TXQ  115  0x00000000fad80000  1  0  2  10   131       0       0       0
TXQ  116  0x00000000fad60000  1  0  2  10   132       0       0       0
TXQ  117  0x00000000fad40000  1  0  2  10   133       0       0       0
TXQ  118  0x00000000fad20000  1  0  2  10   134       0       0       0
TXQ  119  0x00000000fad00000  1  0  2  10   135       0       0       0
TXQ  120  0x00000000face0000  1  0  2  10   136       0       0       0
TXQ  121  0x00000000facc0000  1  0  2  10   137       0       0       0
TXQ  122  0x00000000faca0000  1  0  2  10   138       0       0       0
TXQ  123  0x00000000fac80000  1  0  2  10   139       0       0       0
TXQ  124  0x00000000fac60000  1  0  2  10   140       0       0       0
TXQ  125  0x00000000fac40000  1  0  2  10   141       0       0       0
TXQ  126  0x00000000fac20000  1  0  2  10   142       0       0       0
TXQ  127  0x00000000fac00000  1  0  2  10   143       0       0       0
TXQ  128  0x00000000fabe0000  1  0  2  10   144       0       0       0
TXQ  129  0x00000000fabc0000  1  0  2  10   145       0       0       0
TXQ  130  0x00000000faba0000  1  0  2  10   146       0       0       0
TXQ  131  0x00000000fab80000  1  0  2  10   147       0       0       0
TXQ  132  0x00000000fab60000  1  0  2  10   148       0       0       0
TXQ  133  0x00000000fab40000  1  0  2  10   149       0       0       0
TXQ  134  0x00000000fab20000  1  0  2  10   150       0       0       0
TXQ  135  0x00000000fab00000  1  0  2  10   151       0       0       0
TXQ  136  0x00000000faae0000  1  0  2  10   152       0       0       0
TXQ  137  0x00000000faac0000  1  0  2  10   153       0       0       0
TXQ  138  0x00000000faaa0000  1  0  2  10   154       0       0       0
TXQ  139  0x00000000faa80000  1  0  2  10   155       0       0       0
TXQ  140  0x00000000faa60000  1  0  2  10   156       0       0       0
TXQ  141  0x00000000faa40000  1  0  2  10   157       0       0       0
TXQ  142  0x00000000faa20000  1  0  2  10   158       0       0       0
TXQ  143  0x00000000faa00000  1  0  2  10   159       0       0       0
TXQ  144  0x00000000fa9e0000  1  0  2  10   160       0       0       0
TXQ  145  0x00000000fa9c0000  1  0  2  10   161       0       0       0
TXQ  146  0x00000000fa9a0000  1  0  2  10   162       0       0       0
TXQ  147  0x00000000fa980000  1  0  2  10   163       0       0       0
TXQ  148  0x00000000fa960000  1  0  2  10   164       0       0       0
TXQ  149  0x00000000fa940000  1  0  2  10   165       0       0       0
TXQ  150  0x00000000fa920000  1  0  2  10   166       0       0       0
TXQ  151  0x00000000fa900000  1  0  2  10   167       0       0       0
TXQ  152  0x00000000fa8e0000  1  0  2  10   168       0       0       0
TXQ  153  0x00000000fa8c0000  1  0  2  10   169       0       0       0
TXQ  154  0x00000000fa8a0000  1  0  2  10   170       0       0       0
TXQ  155  0x00000000fa880000  1  0  2  10   171       0       0       0
TXQ  156  0x00000000fa860000  1  0  2  10   172       0       0       0
TXQ  157  0x00000000fa840000  1  0  2  10   173       0       0       0
TXQ  158  0x00000000fa820000  1  0  2  10   174       0       0       0
TXQ  159  0x00000000fa800000  1  0  2  10   175       0       0       0
TXQ  160  0x00000000fa7e0000  1  0  2  10   176       0       0       0
TXQ  161  0x00000000fa7c0000  1  0  2  10   177       0       0       0
TXQ  162  0x00000000fa7a0000  1  0  2  10   178       0       0       0
TXQ  163  0x00000000fa780000  1  0  2  10   179       0       0       0
TXQ  164  0x00000000fa760000  1  0  2  10   180       0       0       0
TXQ  165  0x00000000fa740000  1  0  2  10   181       0       0       0
TXQ  166  0x00000000fa720000  1  0  2  10   182       0       0       0
TXQ  167  0x00000000fa700000  1  0  2  10   183       0       0       0
TXQ  168  0x00000000fa6e0000  1  0  2  10   184       0       0       0
TXQ  169  0x00000000fa6c0000  1  0  2  10   185       0       0       0
TXQ  170  0x00000000fa6a0000  1  0  2  10   186       0       0       0
TXQ  171  0x00000000fa680000  1  0  2  10   187       0       0       0
TXQ  172  0x00000000fa660000  1  0  2  10   188       0       0       0
TXQ  173  0x00000000fa640000  1  0  2  10   189       0       0       0
TXQ  174  0x00000000fa620000  1  0  2  10   190       0       0       0
TXQ  175  0x00000000fa600000  1  0  2  10   191       0       0       0
TXQ  176  0x00000000fa5e0000  1  0  2  10   192       0       0       0
TXQ  177  0x00000000fa5c0000  1  0  2  10   193       0       0       0
TXQ  178  0x00000000fa5a0000  1  0  2  10   194       0       0       0
TXQ  179  0x00000000fa580000  1  0  2  10   195       0       0       0
TXQ  180  0x00000000fa560000  1  0  2  10   196       0       0       0
TXQ  181  0x00000000fa540000  1  0  2  10   197       0       0       0
TXQ  182  0x00000000fa520000  1  0  2  10   198       0       0       0
TXQ  183  0x00000000fa500000  1  0  2  10   199       0       0       0
TXQ  184  0x00000000fa4e0000  1  0  2  10   200       0       0       0
TXQ  185  0x00000000fa4c0000  1  0  2  10   201       0       0       0
TXQ  186  0x00000000fa4a0000  1  0  2  10   202       0       0       0
TXQ  187  0x00000000fa480000  1  0  2  10   203       0       0       0
TXQ  188  0x00000000fa460000  1  0  2  10   204       0       0       0
TXQ  189  0x00000000fa440000  1  0  2  10   205       0       0       0
TXQ  190  0x00000000fa420000  1  0  2  10   206       0       0       0
TXQ  191  0x00000000fa400000  1  0  2  10   207       0       0       0
TXQ  192  0x00000000fa3e0000  1  0  2  10   208       0       0       0
TXQ  193  0x00000000fa3c0000  1  0  2  10   209       0       0       0
TXQ  194  0x00000000fa3a0000  1  0  2  10   210       0       0       0
TXQ  195  0x00000000fa380000  1  0  2  10   211       0       0       0
TXQ  196  0x00000000fa360000  1  0  2  10   212       0       0       0
TXQ  197  0x00000000fa340000  1  0  2  10   213       0       0       0
TXQ  198  0x00000000fa320000  1  0  2  10   214       0       0       0
TXQ  199  0x00000000fa300000  1  0  2  10   215       0       0       0
TXQ  200  0x00000000fa2e0000  1  0  2  10   216       0       0       0
TXQ  201  0x00000000fa2c0000  1  0  2  10   217       0       0       0
TXQ  202  0x00000000fa2a0000  1  0  2  10   218       0       0       0
TXQ  203  0x00000000fa280000  1  0  2  10   219       0       0       0
TXQ  204  0x00000000fa260000  1  0  2  10   220       0       0       0
TXQ  205  0x00000000fa240000  1  0  2  10   221       0       0       0
TXQ  206  0x00000000fa220000  1  0  2  10   222       0       0       0
TXQ  207  0x00000000fa200000  1  0  2  10   223       0       0       0
TXQ  208  0x00000000fa1e0000  1  0  2  10   224       0       0       0
TXQ  209  0x00000000fa1c0000  1  0  2  10   225       0       0       0
TXQ  210  0x00000000fa1a0000  1  0  2  10   226       0       0       0
TXQ  211  0x00000000fa180000  1  0  2  10   227       0       0       0
TXQ  212  0x00000000fa160000  1  0  2  10   228       0       0       0
TXQ  213  0x00000000fa140000  1  0  2  10   229       0       0       0
TXQ  214  0x00000000fa120000  1  0  2  10   230       0       0       0
TXQ  215  0x00000000fa100000  1  0  2  10   231       0       0       0
TXQ  216  0x00000000fa0e0000  1  0  2  10   232       0       0       0
TXQ  217  0x00000000fa0c0000  1  0  2  10   233       0       0       0
TXQ  218  0x00000000fa0a0000  1  0  2  10   234       0       0       0
TXQ  219  0x00000000fa080000  1  0  2  10   235       0       0       0
TXQ  220  0x00000000fa060000  1  0  2  10   236       0       0       0
TXQ  221  0x00000000fa040000  1  0  2  10   237       0       0       0
TXQ  222  0x00000000fa020000  1  0  2  10   238       0       0       0
TXQ  223  0x00000000fa000000  1  0  2  10   239       0       0       0
TXQ  224  0x00000000f9fe0000  1  0  2  10   240       0       0       0
TXQ  225  0x00000000f9fc0000  1  0  2  10   241       0       0       0
TXQ  226  0x00000000f9fa0000  1  0  2  10   242       0       0       0
TXQ  227  0x00000000f9f80000  1  0  2  10   243       0       0       0
TXQ  228  0x00000000f9f60000  1  0  2  10   244       0       0       0
TXQ  229  0x00000000f9f40000  1  0  2  10   245       0       0       0
TXQ  230  0x00000000f9f20000  1  0  2  10   246       0       0       0
TXQ  231  0x00000000f9f00000  1  0  2  10   247       0       0       0
TXQ  232  0x00000000f9ee0000  1  0  2  10   248       0       0       0
TXQ  233  0x00000000f9ec0000  1  0  2  10   249       0       0       0
TXQ  234  0x00000000f9ea0000  1  0  2  10   250       0       0       0
TXQ  235  0x00000000f9e80000  1  0  2  10   251       0       0       0
TXQ  236  0x00000000f9e60000  1  0  2  10   252       0       0       0
TXQ  237  0x00000000f9e40000  1  0  2  10   253       0       0       0
TXQ  238  0x00000000f9e20000  1  0  2  10   254       0       0       0
TXQ  239  0x00000000f9e00000  1  0  2  10   255       0       0       0
TXQ  240  0x00000000f9de0000  1  0  2  10   256       0       0       0
TXQ  241  0x00000000f9dc0000  1  0  2  10   257       0       0       0
TXQ  242  0x00000000f9da0000  1  0  2  10   258       0       0       0
TXQ  243  0x00000000f9d80000  1  0  2  10   259       0       0       0
TXQ  244  0x00000000f9d60000  1  0  2  10   260       0       0       0
TXQ  245  0x00000000f9d40000  1  0  2  10   261       0       0       0
TXQ  246  0x00000000f9d20000  1  0  2  10   262       0       0       0
TXQ  247  0x00000000f9d00000  1  0  2  10   263       0       0       0
TXQ  248  0x00000000f9ce0000  1  0  2  10   264       0       0       0
TXQ  249  0x00000000f9cc0000  1  0  2  10   265       0       0       0
TXQ  250  0x00000000f9ca0000  1  0  2  10   266       0       0       0
TXQ  251  0x00000000f9c80000  1  0  2  10   267       0       0       0
TXQ  252  0x00000000f9c60000  1  0  2  10   268       0       0       0
TXQ  253  0x00000000f9c40000  1  0  2  10   269       0       0       0
TXQ  254  0x00000000f9c20000  1  0  2  10   270       0       0       0
TXQ  255  0x00000000f9c00000  1  0  2  10   271       0       0       0
RXQ info
  Queue      Base Address     En A  B  LS   CQN    Prod    Cons     Len
RXQ    0  0x00000000ffdf4000  1  0  0  10     0    1024       0    1024
RXQ    1  0x00000000ff9e4000  1  0  0  10     1    1024       0    1024
RXQ    2  0x00000000ff5d4000  1  0  0  10     2    1024       0    1024
RXQ    3  0x00000000ff1c4000  1  0  0  10     3    1024       0    1024
RXQ    4  0x00000000fecb4000  1  0  0  10     4    1024       0    1024
RXQ    5  0x00000000fe8a4000  1  0  0  10     5    1024       0    1024
RXQ    6  0x00000000fe494000  1  0  0  10     6    1024       0    1024
RXQ    7  0x00000000fe084000  1  0  0  10     7    1024       0    1024
RXQ    8  0x00000000fdc74000  1  0  0  10     8    1024       0    1024
RXQ    9  0x00000000fd864000  1  0  0  10     9    1024       0    1024
RXQ   10  0x00000000fd454000  1  0  0  10    10    1024       0    1024
RXQ   11  0x00000000fd044000  1  0  0  10    11    1024       0    1024
RXQ   12  0x00000000fcc34000  1  0  0  10    12    1024       0    1024
RXQ   13  0x00000000fc824000  1  0  0  10    13    1024       0    1024
RXQ   14  0x00000000fc414000  1  0  0  10    14    1024       0    1024
RXQ   15  0x00000000fc004000  1  0  0  10    15    1024       0    1024
Statistics counters
Index 0: 8805
Index 1: 20147
Index 10: 86916
Index 11: 8890
Index 12: 20147
Index 21: 8859
Index 26: 26598
Index 29: 8937
Index 39: 1
Index 40: 2
===== SUMMARY =====
--- lspci ---
01:00.0 Ethernet controller [0200]: Device [1234:1001]
--- netdevs ---
enp1s0np0        DOWN           7a:8d:b4:e5:e0:60 <NO-CARRIER,BROADCAST,MULTICAST,UP> 
enp1s0np1        DOWN           4a:cd:9b:90:7e:c7 <NO-CARRIER,BROADCAST,MULTICAST,UP> 
--- /dev/mqnic0 ---
crw------- 1 root root 10, 262 Jul 27 22:32 /dev/mqnic0
--- lsmod ---
mqnic                 131072  0
i2c_algo_bit           16384  3 mqnic,xe,i915
